----------------------------------------------------------------------------
                      (1)             (2)             (3)             (4)   
              posresponse     posresponse     posresponse     posresponse   
----------------------------------------------------------------------------
boxwhite          -0.0302*        -0.0364*        -0.0327*                  
                  (-1.98)         (-2.62)         (-2.37)                   

white              0.0315**        0.0442***       0.0401**        0.0221*  
                   (2.63)          (3.51)          (3.42)          (2.51)   

box                0.0150         0.00317        -0.00175                   
                   (0.61)          (0.21)         (-0.13)                   

ged              -0.00597         0.00692         0.00688        -0.00789   
                  (-0.80)          (0.64)          (0.95)         (-0.95)   

empgap           -0.00222         0.00413         0.00348         0.00409   
                  (-0.28)          (0.45)          (0.44)          (0.55)   

1.center                0                               0                   
                      (.)                             (.)                   

2.center          0.00364                         -0.0477                   
                   (0.07)                         (-0.61)                   

3.center          0.00321                          0.0212                   
                   (0.06)                          (0.39)                   

4.center         -0.00344                         -0.0708                   
                  (-0.07)                         (-1.22)                   

5.center          -0.0396                          -0.127**                 
                  (-0.94)                         (-2.71)                   

6.center           0.0200                         -0.0930                   
                   (0.37)                         (-1.71)                   

7.center          -0.0407                          -0.101                   
                  (-1.15)                         (-1.70)                   

8.center          -0.0350                          -0.112*                  
                  (-0.86)                         (-2.33)                   

9.center          -0.0355                         -0.0737                   
                  (-0.84)                         (-1.46)                   

10.center         -0.0337                          -0.132*                  
                  (-0.80)                         (-2.56)                   

11.center          0.0405                         -0.0325                   
                   (0.82)                         (-0.49)                   

12.center         -0.0125                         -0.0719                   
                  (-0.24)                         (-1.08)                   

13.center          0.0305                         -0.0850                   
                   (0.57)                         (-1.24)                   

14.center         -0.0202                         -0.0960*                  
                  (-0.45)                         (-2.26)                   

15.center         -0.0220                         -0.0525                   
                  (-0.58)                         (-0.95)                   

16.center         -0.0358                         -0.0763                   
                  (-0.87)                         (-1.30)                   

17.center        -0.00446                         -0.0241                   
                  (-0.11)                         (-0.38)                   

18.center        -0.00474                          -0.147**                 
                  (-0.07)                         (-3.11)                   

19.center         -0.0422                         -0.0844                   
                  (-1.01)                         (-1.53)                   

20.center         -0.0425                         -0.0891*                  
                  (-1.05)                         (-2.05)                   

21.center         0.00220                          0.0299                   
                   (0.04)                          (0.31)                   

22.center         -0.0342                         -0.0816                   
                  (-0.92)                         (-1.55)                   

23.center         -0.0184                         -0.0887                   
                  (-0.45)                         (-1.70)                   

24.center         -0.0465                         -0.0574                   
                  (-1.25)                         (-1.17)                   

25.center         -0.0165                         -0.0671                   
                  (-0.28)                         (-1.13)                   

26.center          0.0320                          0.0109                   
                   (0.59)                          (0.17)                   

27.center          0.0398                          0.0128                   
                   (0.79)                          (0.18)                   

28.center          0.0435                          0.0184                   
                   (0.79)                          (0.22)                   

29.center         -0.0599                         -0.0609                   
                  (-1.64)                         (-0.89)                   

30.center         -0.0801*                        -0.0820                   
                  (-2.22)                         (-1.63)                   

31.center         -0.0154                         0.00132                   
                  (-0.31)                          (0.02)                   

32.center        -0.00698                         -0.0125                   
                  (-0.13)                         (-0.20)                   

33.center          0.0137                         -0.0212                   
                   (0.30)                         (-0.31)                   

34.center         -0.0636                         -0.0891                   
                  (-1.89)                         (-1.49)                   

35.center         -0.0101                         -0.0264                   
                  (-0.27)                         (-0.37)                   

36.center         -0.0265                         -0.0689                   
                  (-0.66)                         (-1.17)                   

37.center          0.0241                         -0.0527                   
                   (0.44)                         (-0.68)                   

38.center       -0.000502                          0.0922                   
                  (-0.01)                          (1.08)                   

39.center         -0.0549                          -0.101                   
                  (-1.19)                         (-1.82)                   

40.center          0.0365                         -0.0111                   
                   (0.65)                         (-0.16)                   

41.center         -0.0353                         -0.0430                   
                  (-0.83)                         (-0.45)                   

42.center         -0.0150                         -0.0671                   
                  (-0.30)                         (-1.02)                   

43.center          0.0426                          0.0117                   
                   (0.86)                          (0.16)                   

44.center         0.00870                        -0.00240                   
                   (0.18)                         (-0.02)                   

101.center          0.130*                         0.0563                   
                   (1.98)                          (0.69)                   

102.center          0.119                           0.109                   
                   (1.23)                          (0.89)                   

103.center         0.0538                          -0.146**                 
                   (0.67)                         (-3.12)                   

104.center         0.0684                         -0.0397                   
                   (1.10)                         (-0.72)                   

105.center         0.0995                          0.0395                   
                   (1.52)                          (0.52)                   

106.center         0.0895                         -0.0134                   
                   (1.44)                         (-0.23)                   

107.center         0.0141                         -0.0178                   
                   (0.28)                         (-0.25)                   

108.center         0.0613                          0.0222                   
                   (0.98)                          (0.27)                   

109.center          0.137*                          0.162                   
                   (2.01)                          (1.32)                   

110.center        -0.0645                         -0.0748                   
                  (-1.68)                         (-1.31)                   

111.center         0.0177                         -0.0594                   
                   (0.38)                         (-1.11)                   

112.center         0.0814                          0.0942                   
                   (1.07)                          (0.82)                   

113.center          0.155                         -0.0257                   
                   (1.71)                         (-0.36)                   

114.center        -0.0102                          0.0946                   
                  (-0.19)                          (0.89)                   

115.center        -0.0572                         -0.0934                   
                  (-1.16)                         (-1.47)                   

116.center         0.0608                         -0.0153                   
                   (1.23)                         (-0.25)                   

117.center          0.102                          0.0488                   
                   (1.85)                          (0.63)                   

118.center         0.0307                          0.0302                   
                   (0.33)                          (0.27)                   

119.center         0.0424                         -0.0294                   
                   (0.64)                         (-0.35)                   

120.center         0.0759                          0.0377                   
                   (1.38)                          (0.51)                   

121.center        -0.0535                         -0.0721                   
                  (-1.35)                         (-1.29)                   

122.center         0.0821                         -0.0404                   
                   (1.43)                         (-0.58)                   

123.center         0.0946                         -0.0626                   
                   (1.03)                         (-1.33)                   

124.center         0.0461                        -0.00947                   
                   (0.58)                         (-0.14)                   

125.center         0.0627                          0.0534                   
                   (1.12)                          (0.75)                   

126.center         0.0237                           0.203*                  
                   (0.39)                          (2.31)                   

127.center        -0.0245                          -0.110                   
                  (-0.50)                         (-1.92)                   

128.center        0.00424                          0.0394                   
                   (0.04)                          (0.36)                   

129.center          0.176**                         0.123                   
                   (2.59)                          (1.56)                   

130.center        -0.0195                        -0.00175                   
                  (-0.34)                         (-0.02)                   

131.center          0.169*                        -0.0202                   
                   (1.98)                         (-0.25)                   

132.center          0.185                           0.103                   
                   (1.31)                          (0.98)                   

133.center        -0.0338                          -0.145**                 
                  (-0.54)                         (-3.14)                   

134.center       -0.00751                          0.0130                   
                  (-0.15)                          (0.13)                   

135.center       -0.00673                          0.0761                   
                  (-0.15)                          (1.28)                   

136.center         0.0422                          0.0213                   
                   (0.51)                          (0.18)                   

137.center         0.0256                         -0.0745                   
                   (0.45)                         (-1.17)                   

138.center        -0.0412                         -0.0699                   
                  (-1.03)                         (-1.21)                   

139.center          0.138                          0.0661                   
                   (0.95)                          (0.77)                   

140.center        -0.0145                          0.0688                   
                  (-0.27)                          (0.99)                   

prewhite                                                          0.00203   
                                                                   (0.15)   

pre                                                               -0.0159   
                                                                  (-0.91)   

_cons              0.0847*         0.0979***        0.130**         0.108***
                   (2.19)          (4.67)          (2.79)          (3.93)   
----------------------------------------------------------------------------
N                    7245            3712            4794            7476   
----------------------------------------------------------------------------
t statistics in parentheses
* p<0.05, ** p<0.01, *** p<0.001
